12 7
6 5
19 13
10 8
15 4
7 7
5 4
9 13
8 5
4 5
5 6
7 5
15 16
10 17
8 5
14 13
4 18
4 7
13 19
15 16
12 11
13 3
5 15
18 3
11 15
4 18
7 10
8 17
8 5
13 18
10 4
12 8
11 15
16 13
9 3
12 19
3 13
6 11
16 6
10 4
3 9
17 16
16 3
16 5
16 18
3 8
6 11
19 14
5 14
4 11
12 5
4 13
6 14
18 11
9 6
12 3
13 14
16 4
17 12
4 17
6 10
9 5
12 13
5 13
6 12
4 10
8 11
12 13
16 18
19 7
13 14
19 17
11 12
13 16
17 3
18 12
7 13
10 18
9 13
13 12
7 15
5 17
16 17
6 8
7 13
9 14
11 18
17 12
4 17
13 8
13 7
9 10
14 7
19 16
6 8
12 17
13 5
17 3
13 11
13 12
6 14
13 11
4 5
4 18
18 10
6 4
19 17
17 17
8 11
9 14
5 8
15 12
16 8
10 8
13 14
5 10
3 13
15 11
7 18
13 11
3 6
10 14
5 14
16 6
17 8
10 18
9 16
17 3
4 13
7 11
9 17
8 17
19 15
18 5
19 11
14 15
17 5
12 10
12 18
16 16
17 9
8 3
16 16
19 10
16 13
19 6
10 7
11 6
15 8
11 4
6 10
3 16
9 5
10 5
10 11
3 13
16 12
3 5
3 5
9 8
14 11
8 19
4 8
5 18
17 13
16 17
7 15
11 13
15 17
17 4
8 3
10 8
17 16
3 19
14 18
9 11
6 3
9 15
4 6
14 12
11 4
16 13
12 15
19 6
16 18
8 15
13 5
13 5
16 16
16 4
6 19
10 3
16 11
8 5
6 9
14 14
8 9
19 7
13 15
7 14
7 3
4 10
14 9
17 7
14 10
19 17
8 6
4 12
3 8
9 18
12 11
4 7
5 14
13 15
10 8
7 19
17 17
8 6
3 8
12 17
12 9
3 15
3 15
10 13
4 4
6 7
17 7
13 12
13 8
4 10
16 5
10 18
18 10
16 10
9 18
4 18
3 6
3 4
10 8
16 8
18 6
12 17
6 9
8 18
19 12
13 12
13 18
13 3
14 18
13 18
12 18
7 5
5 17
13 4
10 16
12 10
13 3
14 6
18 18
6 9
10 12
14 5
11 19
9 18
16 4
5 7
7 4
15 7
8 14
16 3
16 5
12 17
9 7
7 17
14 14
9 13
18 10
11 6
12 7
14 7
6 17
4 5
19 9
5 7
15 4
6 12
11 15
12 18
6 17
11 12
10 13
10 6
14 18
3 14
8 7
11 19
3 13
5 7
18 7
3 14
6 11
7 9
16 11
4 17
9 11
18 7
4 12
13 9
10 9
11 6
18 12
4 14
7 13
14 6
4 14
15 6
15 3
4 16
14 19
12 16
12 4
9 6
18 7
15 7
16 16
9 7
14 17
10 4
8 7
11 14
11 8
12 11
8 12
5 14
14 3
10 15
17 15
5 13
12 6
18 4
11 5
8 6
16 11
7 9
9 4
16 9
4 15
4 5
10 8
7 17
4 6
17 6
14 5
9 11
3 12
18 6
16 8
13 4
7 16
6 18
19 5
11 3
9 14
10 13
11 19
14 18
6 4
13 4
19 6
5 10
12 19
7 12
10 18
4 13
7 14
16 11
7 16
7 4
14 8
3 15
19 19
7 8
8 19
9 3
17 17
17 10
18 7
11 12
12 3
9 3
10 12
15 14
14 5
15 19
4 10
4 15
5 19
11 7
13 4
14 13
9 8
6 8
12 19
9 13
3 9
6 14
10 10
19 6
3 12
10 13
7 8
18 10
7 14
3 15
12 18
4 15
6 12
15 13
11 4
8 16
9 7
18 18
11 16
12 16
16 14
6 3
8 5
9 6
3 9
11 12
19 15
3 5
9 16
14 15
6 9
19 4
10 15
4 5
17 14
17 11
15 16
12 8
12 11
12 13
7 16
12 10
6 13
18 15
17 8
7 4
11 5
13 16
17 14
17 14
4 13
9 13
9 19
8 15
10 12
10 3
8 6
6 6
7 7
3 3
3 7
15 13
8 4
14 16
18 13
7 13
10 7
3 14
8 3
18 4
18 6
3 5
6 14
3 17
15 18
13 4
8 8
5 14
7 14
9 16
10 19
9 18
17 15
13 15
10 12
5 15
19 14
12 13
8 5
8 7
13 4
3 16
15 18
6 14
7 19
14 19
9 7
5 5
10 17
17 10
4 14
15 11
19 14
6 8
14 19
5 4
4 6
6 7
11 11
19 5
14 5
16 9
10 16
8 8
13 5
11 8
15 9
7 11
4 13
16 8
17 17
12 14
10 17
18 15
11 6
7 17
14 3
14 11
19 9
6 13
8 10
13 15
7 5
19 6
17 7
19 11
3 4
5 19
10 6
16 14
12 10
4 15
10 18
9 12
4 10
4 13
5 17
4 3
6 12
4 5
13 6
10 8
18 6
11 11
10 12
10 6
9 6
8 12
12 6
13 13
7 17
16 4
8 13
19 12
13 16
13 4
13 15
17 16
11 13
10 19
9 6
6 8
6 12
12 7
19 7
7 15
8 3
15 8
8 4
9 5
6 3
6 19
11 5
14 3
19 8
6 9
6 16
17 15
3 12
4 12
16 6
4 6
7 3
6 3
9 4
11 7
15 8
18 12
18 4
3 8
19 9
6 11
5 19
6 9
6 17
15 12
13 13
18 17
5 7
12 14
6 16
6 14
18 12
11 9
13 3
10 18
12 16
6 13
13 17
9 19
14 10
10 4
7 5
11 8
13 17
12 13
4 15
7 16
13 3
17 4
13 5
17 3
12 18
16 15
19 17
12 19
19 7
10 12
9 5
13 15
7 9
16 6
11 16
13 19
19 17
14 3
4 3
17 11
5 17
12 15
4 13
12 8
4 13
7 13
18 6
3 10
6 4
16 5
17 12
9 11
4 19
8 10
13 19
14 19
10 6
4 8
17 4
11 13
9 8
9 4
5 13
9 18
9 6
6 8
3 14
7 14
14 16
3 13
12 5
13 17
3 16
3 18
12 6
16 9
9 6
19 4
16 17
7 3
3 12
15 7
17 6
3 17
15 8
19 3
5 11
19 9
12 3
7 17
18 4
17 10
18 10
15 19
18 14
9 15
8 4
4 17
9 14
12 18
9 15
17 14
18 15
7 5
7 8
3 16
5 4
17 12
14 11
4 7
7 12
9 10
3 13
10 17
8 14
6 10
11 13
14 14
10 13
19 17
5 17
8 7
12 5
12 15
6 3
17 13
9 5
12 4
5 5
8 11
19 13
5 17
19 14
6 11
7 4
10 10
18 12
18 6
8 14
6 17
17 19
14 6
6 9
14 6
15 4
5 3
16 9
5 14
15 19
7 11
9 15
19 12
5 13
11 7
12 10
13 3
18 4
16 5
6 12
11 5
4 4
15 18
10 6
14 15
14 9
17 19
12 12
16 11
16 15
15 7
12 14
16 6
4 3
5 10
15 19
7 10
17 10
8 6
17 10
15 11
4 17
4 7
5 15
18 4
16 8
18 7
4 17
15 17
10 18
5 5
4 18
5 5
6 12
13 8
9 15
4 5
15 7
13 16
13 8
7 17
12 10
19 15
9 9
8 18
3 8
14 18
13 14
12 12
4 12
9 8
17 4
17 11
4 19
9 8
7 15
10 19
19 16
14 11
15 4
11 7
17 17
5 4
4 19
8 3
3 6
12 17
7 19
9 9
8 6
5 10
11 19
13 13
12 7
3 12
19 7
9 3
6 16
5 16
12 18
7 9
8 7
14 11
19 15
3 8
12 13
6 16
12 12
7 9
5 19
15 19
18 8
3 14
9 14
4 8
4 5
17 8
4 15
12 11
15 16
12 11
16 19
9 18
5 17
3 6
7 9
3 3
5 3
7 3
4 13
6 17
9 9
4 5
13 9
12 15
9 5
12 17
6 10
8 15
11 10
15 9
6 10
17 5
5 18
13 17
4 17
7 7
5 9
18 9
18 16
19 9
14 6
17 17
15 9
9 19
15 15
8 10
7 12
15 17
15 16
6 10
8 11
19 17
5 19
10 14
18 15
18 11
16 5
10 19
19 10
7 17
10 15
18 7
14 16
6 12
18 16
14 11
19 10
11 18
3 4
6 10
3 7
3 13
7 15
16 4
4 17
12 14
14 10
13 14
5 10
5 5
19 3
17 15
8 15
19 14
12 13
14 8
8 6
9 8
15 17
15 6
9 9
10 3
17 17
17 3
15 18
7 7
14 17
14 14
11 17
18 17
18 11
19 13
10 11
6 10
9 17
13 8
6 13
8 7
5 10
17 11
8 9
8 5
14 13
10 16
12 15
4 16
15 11
3 5
17 13
7 11
5 16
3 16
11 13
15 16
15 17
6 19
8 15
5 10
7 18
11 15
4 15
8 3
9 7
12 11
19 11
9 15
5 11
14 14